Avg_Rouge1score:0.42433039999999994
Avg_Rouge2score:0.17627519999999985
Avg_RougeLscore:0.2530436000000001
Avg_RougeLSumscore:0.37175439999999993
Avg_Meteorscore:0.29562879999999986
