Avg_Rouge1score:0.4006966666666668
Avg_Rouge2score:0.14025916666666663
Avg_RougeLscore:0.20728416666666666
Avg_RougeLSumscore:0.3423541666666666
Avg_Meteorscore:0.2879233333333333
