Avg_Rouge1score:0.42135416666666664
Avg_Rouge2score:0.16945916666666666
Avg_RougeLscore:0.24584541666666668
Avg_RougeLSumscore:0.3663841666666668
Avg_Meteorscore:0.28650541666666657
